疏酗(nm)	ly-511-glass - RawData
350.0	3.2
350.5	3.2
351.0	3.2
351.5	3.1
352.0	3.1
352.5	3.1
353.0	3.1
353.5	3.1
354.0	3.1
354.5	3.1
355.0	3.1
355.5	3.1
356.0	3.1
356.5	3.0
357.0	3.0
357.5	3.0
358.0	3.0
358.5	3.0
359.0	3.0
359.5	2.9
360.0	2.9
360.5	2.9
361.0	2.9
361.5	2.9
362.0	2.8
362.5	2.8
363.0	2.8
363.5	2.8
364.0	2.8
364.5	2.7
365.0	2.7
365.5	2.7
366.0	2.7
366.5	2.6
367.0	2.6
367.5	2.6
368.0	2.6
368.5	2.5
369.0	2.5
369.5	2.5
370.0	2.4
370.5	2.4
371.0	2.4
371.5	2.0
372.0	1.6
372.5	1.3
373.0	0.9
373.5	0.6
374.0	0.6
374.5	0.6
375.0	0.6
375.5	0.6
376.0	0.6
376.5	0.6
377.0	0.6
377.5	0.6
378.0	0.6
378.5	0.6
379.0	0.6
379.5	0.6
380.0	0.6
380.5	0.6
381.0	0.6
381.5	0.6
382.0	0.6
382.5	0.6
383.0	0.6
383.5	0.6
384.0	0.6
384.5	0.6
385.0	0.6
385.5	0.6
386.0	0.6
386.5	0.6
387.0	0.6
387.5	0.6
388.0	0.6
388.5	0.6
389.0	0.6
389.5	0.6
390.0	0.6
390.5	0.6
391.0	0.5
391.5	0.5
392.0	0.5
392.5	0.5
393.0	0.5
393.5	0.5
394.0	0.5
394.5	0.5
395.0	0.5
395.5	0.5
396.0	0.5
396.5	0.5
397.0	0.5
397.5	0.5
398.0	0.5
398.5	0.5
399.0	0.5
399.5	0.5
400.0	0.5
400.5	0.5
401.0	0.5
401.5	0.5
402.0	0.5
402.5	0.5
403.0	0.5
403.5	0.5
404.0	0.5
404.5	0.5
405.0	0.5
405.5	0.5
406.0	0.5
406.5	0.5
407.0	0.5
407.5	0.5
408.0	0.5
408.5	0.5
409.0	0.5
409.5	0.5
410.0	0.5
410.5	0.5
411.0	0.5
411.5	0.5
412.0	0.5
412.5	0.5
413.0	0.5
413.5	0.5
414.0	0.5
414.5	0.5
415.0	0.5
415.5	0.5
416.0	0.5
416.5	0.6
417.0	0.6
417.5	0.6
418.0	0.6
418.5	0.6
419.0	0.6
419.5	0.6
420.0	0.6
420.5	0.6
421.0	0.6
421.5	0.6
422.0	0.6
422.5	0.6
423.0	0.6
423.5	0.6
424.0	0.6
424.5	0.6
425.0	0.6
425.5	0.6
426.0	0.6
426.5	0.6
427.0	0.6
427.5	0.6
428.0	0.6
428.5	0.6
429.0	0.6
429.5	0.6
430.0	0.6
430.5	0.6
431.0	0.6
431.5	0.6
432.0	0.6
432.5	0.6
433.0	0.6
433.5	0.6
434.0	0.6
434.5	0.6
435.0	0.6
435.5	0.6
436.0	0.6
436.5	0.6
437.0	0.6
437.5	0.6
438.0	0.6
438.5	0.6
439.0	0.6
439.5	0.5
440.0	0.5
440.5	0.5
441.0	0.5
441.5	0.5
442.0	0.5
442.5	0.5
443.0	0.5
443.5	0.5
444.0	0.5
444.5	0.5
445.0	0.5
445.5	0.5
446.0	0.5
446.5	0.5
447.0	0.5
447.5	0.5
448.0	0.5
448.5	0.5
449.0	0.5
449.5	0.5
450.0	0.5
450.5	0.5
451.0	0.5
451.5	0.5
452.0	0.5
452.5	0.5
453.0	0.5
453.5	0.5
454.0	0.5
454.5	0.5
455.0	0.5
455.5	0.5
456.0	0.5
456.5	0.5
457.0	0.5
457.5	0.5
458.0	0.5
458.5	0.5
459.0	0.5
459.5	0.5
460.0	0.5
460.5	0.5
461.0	0.5
461.5	0.5
462.0	0.5
462.5	0.5
463.0	0.5
463.5	0.5
464.0	0.5
464.5	0.5
465.0	0.5
465.5	0.5
466.0	0.5
466.5	0.5
467.0	0.5
467.5	0.5
468.0	0.5
468.5	0.5
469.0	0.5
469.5	0.5
470.0	0.5
470.5	0.5
471.0	0.5
471.5	0.5
472.0	0.5
472.5	0.5
473.0	0.5
473.5	0.5
474.0	0.5
474.5	0.5
475.0	0.5
475.5	0.5
476.0	0.5
476.5	0.5
477.0	0.5
477.5	0.5
478.0	0.5
478.5	0.5
479.0	0.5
479.5	0.5
480.0	0.5
480.5	0.5
481.0	0.5
481.5	0.5
482.0	0.5
482.5	0.5
483.0	0.5
483.5	0.5
484.0	0.5
484.5	0.5
485.0	0.5
485.5	0.5
486.0	0.5
486.5	0.5
487.0	0.5
487.5	0.5
488.0	0.5
488.5	0.5
489.0	0.5
489.5	0.5
490.0	0.5
490.5	0.5
491.0	0.5
491.5	0.5
492.0	0.5
492.5	0.5
493.0	0.5
493.5	0.5
494.0	0.5
494.5	0.5
495.0	0.5
495.5	0.5
496.0	0.5
496.5	0.5
497.0	0.5
497.5	0.5
498.0	0.5
498.5	0.5
499.0	0.5
499.5	0.5
500.0	0.5
500.5	0.5
501.0	0.5
501.5	0.5
502.0	0.5
502.5	0.5
503.0	0.4
503.5	0.4
504.0	0.4
504.5	0.4
505.0	0.4
505.5	0.4
506.0	0.4
506.5	0.4
507.0	0.4
507.5	0.4
508.0	0.4
508.5	0.4
509.0	0.4
509.5	0.4
510.0	0.4
510.5	0.4
511.0	0.4
511.5	0.4
512.0	0.4
512.5	0.4
513.0	0.4
513.5	0.4
514.0	0.4
514.5	0.4
515.0	0.4
515.5	0.4
516.0	0.4
516.5	0.4
517.0	0.4
517.5	0.4
518.0	0.4
518.5	0.4
519.0	0.4
519.5	0.4
520.0	0.4
520.5	0.4
521.0	0.4
521.5	0.4
522.0	0.4
522.5	0.4
523.0	0.4
523.5	0.4
524.0	0.4
524.5	0.4
525.0	0.4
525.5	0.4
526.0	0.4
526.5	0.4
527.0	0.4
527.5	0.4
528.0	0.4
528.5	0.4
529.0	0.4
529.5	0.4
530.0	0.4
530.5	0.4
531.0	0.4
531.5	0.4
532.0	0.4
532.5	0.4
533.0	0.4
533.5	0.4
534.0	0.4
534.5	0.4
535.0	0.4
535.5	0.4
536.0	0.4
536.5	0.3
537.0	0.3
537.5	0.3
538.0	0.3
538.5	0.3
539.0	0.3
539.5	0.3
540.0	0.3
540.5	0.3
541.0	0.3
541.5	0.3
542.0	0.3
542.5	0.3
543.0	0.3
543.5	0.3
544.0	0.3
544.5	0.3
545.0	0.3
545.5	0.3
546.0	0.3
546.5	0.3
547.0	0.3
547.5	0.3
548.0	0.3
548.5	0.3
549.0	0.3
549.5	0.3
550.0	0.3
550.5	0.3
551.0	0.3
551.5	0.3
552.0	0.3
552.5	0.3
553.0	0.3
553.5	0.3
554.0	0.3
554.5	0.3
555.0	0.3
555.5	0.3
556.0	0.3
556.5	0.3
557.0	0.3
557.5	0.3
558.0	0.3
558.5	0.3
559.0	0.3
559.5	0.3
560.0	0.3
560.5	0.3
561.0	0.3
561.5	0.3
562.0	0.3
562.5	0.3
563.0	0.3
563.5	0.3
564.0	0.3
564.5	0.3
565.0	0.3
565.5	0.3
566.0	0.3
566.5	0.3
567.0	0.3
567.5	0.3
568.0	0.3
568.5	0.3
569.0	0.3
569.5	0.3
570.0	0.3
570.5	0.3
571.0	0.3
571.5	0.3
572.0	0.3
572.5	0.3
573.0	0.3
573.5	0.3
574.0	0.3
574.5	0.3
575.0	0.3
575.5	0.3
576.0	0.3
576.5	0.3
577.0	0.3
577.5	0.3
578.0	0.3
578.5	0.3
579.0	0.3
579.5	0.3
580.0	0.3
580.5	0.3
581.0	0.2
581.5	0.2
582.0	0.2
582.5	0.2
583.0	0.2
583.5	0.2
584.0	0.2
584.5	0.2
585.0	0.2
585.5	0.2
586.0	0.2
586.5	0.2
587.0	0.2
587.5	0.2
588.0	0.2
588.5	0.2
589.0	0.2
589.5	0.2
590.0	0.2
590.5	0.2
591.0	0.2
591.5	0.2
592.0	0.2
592.5	0.2
593.0	0.2
593.5	0.2
594.0	0.2
594.5	0.2
595.0	0.2
595.5	0.2
596.0	0.2
596.5	0.2
597.0	0.2
597.5	0.2
598.0	0.2
598.5	0.2
599.0	0.2
599.5	0.2
600.0	0.2
600.5	0.2
601.0	0.2
601.5	0.2
602.0	0.2
602.5	0.2
603.0	0.2
603.5	0.2
604.0	0.2
604.5	0.2
605.0	0.2
605.5	0.2
606.0	0.2
606.5	0.2
607.0	0.2
607.5	0.2
608.0	0.2
608.5	0.2
609.0	0.2
609.5	0.2
610.0	0.2
610.5	0.2
611.0	0.2
611.5	0.2
612.0	0.2
612.5	0.2
613.0	0.2
613.5	0.2
614.0	0.2
614.5	0.2
615.0	0.2
615.5	0.2
616.0	0.2
616.5	0.2
617.0	0.2
617.5	0.2
618.0	0.2
618.5	0.2
619.0	0.2
619.5	0.2
620.0	0.2
620.5	0.2
621.0	0.2
621.5	0.2
622.0	0.2
622.5	0.2
623.0	0.2
623.5	0.2
624.0	0.2
624.5	0.2
625.0	0.2
625.5	0.2
626.0	0.2
626.5	0.2
627.0	0.2
627.5	0.2
628.0	0.2
628.5	0.2
629.0	0.2
629.5	0.2
630.0	0.2
630.5	0.2
631.0	0.2
631.5	0.2
632.0	0.2
632.5	0.2
633.0	0.2
633.5	0.2
634.0	0.2
634.5	0.2
635.0	0.2
635.5	0.2
636.0	0.2
636.5	0.2
637.0	0.2
637.5	0.2
638.0	0.2
638.5	0.2
639.0	0.2
639.5	0.2
640.0	0.2
640.5	0.2
641.0	0.2
641.5	0.2
642.0	0.2
642.5	0.2
643.0	0.2
643.5	0.2
644.0	0.2
644.5	0.2
645.0	0.2
645.5	0.2
646.0	0.2
646.5	0.2
647.0	0.2
647.5	0.2
648.0	0.2
648.5	0.2
649.0	0.2
649.5	0.2
650.0	0.2
