疏酗(nm)	ly-511-03 - RawData
350.0	0.0
350.5	0.0
351.0	0.0
351.5	0.0
352.0	0.0
352.5	0.0
353.0	0.0
353.5	0.1
354.0	0.0
354.5	0.0
355.0	0.0
355.5	0.0
356.0	0.0
356.5	0.1
357.0	0.0
357.5	0.0
358.0	0.0
358.5	0.0
359.0	0.0
359.5	0.0
360.0	0.0
360.5	0.0
361.0	0.1
361.5	0.1
362.0	0.1
362.5	0.1
363.0	0.1
363.5	0.1
364.0	0.0
364.5	0.0
365.0	0.1
365.5	0.0
366.0	0.0
366.5	0.1
367.0	0.0
367.5	0.0
368.0	0.0
368.5	0.1
369.0	0.0
369.5	0.0
370.0	0.1
370.5	0.0
371.0	0.0
371.5	0.1
372.0	0.1
372.5	0.1
373.0	0.1
373.5	0.1
374.0	0.1
374.5	0.1
375.0	0.1
375.5	0.1
376.0	0.1
376.5	0.1
377.0	0.1
377.5	0.1
378.0	0.1
378.5	0.1
379.0	0.1
379.5	0.1
380.0	0.1
380.5	0.1
381.0	0.1
381.5	0.1
382.0	0.1
382.5	0.1
383.0	0.1
383.5	0.1
384.0	0.1
384.5	0.1
385.0	0.1
385.5	0.1
386.0	0.1
386.5	0.1
387.0	0.1
387.5	0.1
388.0	0.1
388.5	0.1
389.0	0.1
389.5	0.1
390.0	0.1
390.5	0.2
391.0	0.2
391.5	0.2
392.0	0.2
392.5	0.2
393.0	0.2
393.5	0.2
394.0	0.3
394.5	0.3
395.0	0.3
395.5	0.3
396.0	0.4
396.5	0.4
397.0	0.4
397.5	0.5
398.0	0.5
398.5	0.5
399.0	0.6
399.5	0.6
400.0	0.7
400.5	0.7
401.0	0.8
401.5	0.8
402.0	0.9
402.5	0.9
403.0	1.0
403.5	1.1
404.0	1.1
404.5	1.2
405.0	1.3
405.5	1.3
406.0	1.4
406.5	1.5
407.0	1.5
407.5	1.6
408.0	1.7
408.5	1.7
409.0	1.8
409.5	1.9
410.0	2.0
410.5	2.0
411.0	2.1
411.5	2.2
412.0	2.2
412.5	2.3
413.0	2.4
413.5	2.4
414.0	2.5
414.5	2.6
415.0	2.6
415.5	2.7
416.0	2.7
416.5	2.8
417.0	2.9
417.5	2.9
418.0	3.0
418.5	3.0
419.0	3.1
419.5	3.1
420.0	3.2
420.5	3.2
421.0	3.3
421.5	3.3
422.0	3.3
422.5	3.4
423.0	3.4
423.5	3.5
424.0	3.5
424.5	3.5
425.0	3.6
425.5	3.6
426.0	3.6
426.5	3.7
427.0	3.7
427.5	3.7
428.0	3.8
428.5	3.8
429.0	3.8
429.5	3.8
430.0	3.9
430.5	3.9
431.0	3.9
431.5	3.9
432.0	4.0
432.5	4.0
433.0	4.0
433.5	4.0
434.0	4.1
434.5	4.1
435.0	4.1
435.5	4.1
436.0	4.1
436.5	4.2
437.0	4.2
437.5	4.2
438.0	4.2
438.5	4.3
439.0	4.3
439.5	4.3
440.0	4.3
440.5	4.3
441.0	4.3
441.5	4.4
442.0	4.4
442.5	4.4
443.0	4.4
443.5	4.4
444.0	4.4
444.5	4.5
445.0	4.5
445.5	4.5
446.0	4.5
446.5	4.5
447.0	4.5
447.5	4.6
448.0	4.6
448.5	4.6
449.0	4.6
449.5	4.6
450.0	4.6
450.5	4.6
451.0	4.7
451.5	4.7
452.0	4.7
452.5	4.7
453.0	4.7
453.5	4.7
454.0	4.7
454.5	4.7
455.0	4.8
455.5	4.8
456.0	4.8
456.5	4.8
457.0	4.8
457.5	4.8
458.0	4.8
458.5	4.9
459.0	4.9
459.5	4.9
460.0	4.9
460.5	4.9
461.0	4.9
461.5	4.9
462.0	4.9
462.5	5.0
463.0	5.0
463.5	5.0
464.0	5.0
464.5	5.0
465.0	5.0
465.5	5.0
466.0	5.0
466.5	5.1
467.0	5.1
467.5	5.1
468.0	5.1
468.5	5.1
469.0	5.1
469.5	5.1
470.0	5.1
470.5	5.2
471.0	5.2
471.5	5.2
472.0	5.2
472.5	5.2
473.0	5.2
473.5	5.2
474.0	5.2
474.5	5.2
475.0	5.2
475.5	5.3
476.0	5.3
476.5	5.3
477.0	5.3
477.5	5.3
478.0	5.3
478.5	5.3
479.0	5.3
479.5	5.3
480.0	5.4
480.5	5.4
481.0	5.4
481.5	5.4
482.0	5.4
482.5	5.4
483.0	5.4
483.5	5.4
484.0	5.4
484.5	5.4
485.0	5.5
485.5	5.5
486.0	5.5
486.5	5.5
487.0	5.5
487.5	5.5
488.0	5.5
488.5	5.5
489.0	5.5
489.5	5.5
490.0	5.6
490.5	5.6
491.0	5.6
491.5	5.6
492.0	5.6
492.5	5.6
493.0	5.6
493.5	5.6
494.0	5.6
494.5	5.7
495.0	5.7
495.5	5.7
496.0	5.7
496.5	5.7
497.0	5.7
497.5	5.7
498.0	5.7
498.5	5.7
499.0	5.7
499.5	5.8
500.0	5.8
500.5	5.8
501.0	5.8
501.5	5.8
502.0	5.8
502.5	5.8
503.0	5.8
503.5	5.8
504.0	5.8
504.5	5.8
505.0	5.8
505.5	5.9
506.0	5.9
506.5	5.9
507.0	5.9
507.5	5.9
508.0	5.9
508.5	5.9
509.0	5.9
509.5	5.9
510.0	5.9
510.5	6.0
511.0	6.0
511.5	6.0
512.0	6.0
512.5	6.0
513.0	6.0
513.5	6.0
514.0	6.0
514.5	6.0
515.0	6.0
515.5	6.0
516.0	6.0
516.5	6.1
517.0	6.1
517.5	6.1
518.0	6.1
518.5	6.1
519.0	6.1
519.5	6.1
520.0	6.1
520.5	6.1
521.0	6.1
521.5	6.1
522.0	6.1
522.5	6.2
523.0	6.2
523.5	6.2
524.0	6.2
524.5	6.2
525.0	6.2
525.5	6.2
526.0	6.2
526.5	6.2
527.0	6.2
527.5	6.2
528.0	6.2
528.5	6.3
529.0	6.3
529.5	6.3
530.0	6.3
530.5	6.3
531.0	6.3
531.5	6.3
532.0	6.3
532.5	6.3
533.0	6.3
533.5	6.3
534.0	6.3
534.5	6.3
535.0	6.4
535.5	6.4
536.0	6.4
536.5	6.4
537.0	6.4
537.5	6.4
538.0	6.4
538.5	6.4
539.0	6.4
539.5	6.4
540.0	6.4
540.5	6.4
541.0	6.4
541.5	6.5
542.0	6.5
542.5	6.5
543.0	6.5
543.5	6.5
544.0	6.5
544.5	6.5
545.0	6.5
545.5	6.5
546.0	6.5
546.5	6.5
547.0	6.5
547.5	6.5
548.0	6.6
548.5	6.6
549.0	6.6
549.5	6.6
550.0	6.6
550.5	6.6
551.0	6.6
551.5	6.6
552.0	6.6
552.5	6.6
553.0	6.6
553.5	6.6
554.0	6.6
554.5	6.6
555.0	6.7
555.5	6.7
556.0	6.7
556.5	6.7
557.0	6.7
557.5	6.7
558.0	6.7
558.5	6.7
559.0	6.7
559.5	6.7
560.0	6.7
560.5	6.7
561.0	6.7
561.5	6.7
562.0	6.7
562.5	6.8
563.0	6.8
563.5	6.8
564.0	6.8
564.5	6.8
565.0	6.8
565.5	6.8
566.0	6.8
566.5	6.8
567.0	6.8
567.5	6.8
568.0	6.8
568.5	6.8
569.0	6.9
569.5	6.9
570.0	6.9
570.5	6.9
571.0	6.9
571.5	6.9
572.0	6.9
572.5	6.9
573.0	6.9
573.5	6.9
574.0	6.9
574.5	6.9
575.0	6.9
575.5	7.0
576.0	7.0
576.5	7.0
577.0	7.0
577.5	7.0
578.0	7.0
578.5	7.0
579.0	7.0
579.5	7.0
580.0	7.0
580.5	7.0
581.0	7.0
581.5	7.0
582.0	7.0
582.5	7.0
583.0	7.0
583.5	7.1
584.0	7.1
584.5	7.1
585.0	7.1
585.5	7.1
586.0	7.1
586.5	7.1
587.0	7.1
587.5	7.1
588.0	7.1
588.5	7.1
589.0	7.1
589.5	7.1
590.0	7.1
590.5	7.1
591.0	7.1
591.5	7.2
592.0	7.2
592.5	7.2
593.0	7.2
593.5	7.2
594.0	7.2
594.5	7.2
595.0	7.2
595.5	7.2
596.0	7.2
596.5	7.2
597.0	7.2
597.5	7.2
598.0	7.2
598.5	7.2
599.0	7.2
599.5	7.2
600.0	7.3
600.5	7.3
601.0	7.3
601.5	7.3
602.0	7.3
602.5	7.3
603.0	7.3
603.5	7.3
604.0	7.3
604.5	7.3
605.0	7.3
605.5	7.3
606.0	7.3
606.5	7.3
607.0	7.3
607.5	7.3
608.0	7.3
608.5	7.4
609.0	7.4
609.5	7.4
610.0	7.4
610.5	7.4
611.0	7.4
611.5	7.4
612.0	7.4
612.5	7.4
613.0	7.4
613.5	7.4
614.0	7.4
614.5	7.4
615.0	7.4
615.5	7.4
616.0	7.4
616.5	7.5
617.0	7.5
617.5	7.5
618.0	7.5
618.5	7.5
619.0	7.5
619.5	7.5
620.0	7.5
620.5	7.5
621.0	7.5
621.5	7.5
622.0	7.5
622.5	7.5
623.0	7.5
623.5	7.5
624.0	7.5
624.5	7.5
625.0	7.5
625.5	7.5
626.0	7.5
626.5	7.5
627.0	7.6
627.5	7.6
628.0	7.6
628.5	7.6
629.0	7.6
629.5	7.6
630.0	7.6
630.5	7.6
631.0	7.6
631.5	7.6
632.0	7.6
632.5	7.6
633.0	7.6
633.5	7.6
634.0	7.6
634.5	7.6
635.0	7.7
635.5	7.7
636.0	7.7
636.5	7.7
637.0	7.7
637.5	7.7
638.0	7.7
638.5	7.7
639.0	7.7
639.5	7.7
640.0	7.7
640.5	7.7
641.0	7.7
641.5	7.7
642.0	7.7
642.5	7.7
643.0	7.7
643.5	7.7
644.0	7.7
644.5	7.8
645.0	7.8
645.5	7.8
646.0	7.8
646.5	7.8
647.0	7.8
647.5	7.8
648.0	7.8
648.5	7.8
649.0	7.8
649.5	7.8
650.0	7.8
