疏酗(nm)	ly-511-X-X-130 - RawData
350.0	0.1
350.5	0.1
351.0	0.1
351.5	0.1
352.0	0.0
352.5	0.0
353.0	0.0
353.5	0.0
354.0	0.0
354.5	0.0
355.0	0.0
355.5	0.0
356.0	0.0
356.5	0.0
357.0	0.0
357.5	0.0
358.0	0.0
358.5	0.0
359.0	0.0
359.5	0.0
360.0	0.0
360.5	0.0
361.0	0.0
361.5	0.0
362.0	0.0
362.5	0.0
363.0	0.0
363.5	0.0
364.0	0.0
364.5	0.0
365.0	0.0
365.5	0.0
366.0	0.0
366.5	0.0
367.0	0.0
367.5	0.0
368.0	0.0
368.5	0.0
369.0	0.0
369.5	0.0
370.0	0.0
370.5	0.0
371.0	0.0
371.5	0.1
372.0	0.1
372.5	0.1
373.0	0.1
373.5	0.1
374.0	0.1
374.5	0.1
375.0	0.1
375.5	0.1
376.0	0.1
376.5	0.1
377.0	0.1
377.5	0.1
378.0	0.1
378.5	0.1
379.0	0.1
379.5	0.1
380.0	0.1
380.5	0.1
381.0	0.1
381.5	0.1
382.0	0.1
382.5	0.1
383.0	0.1
383.5	0.1
384.0	0.1
384.5	0.1
385.0	0.1
385.5	0.1
386.0	0.1
386.5	0.1
387.0	0.1
387.5	0.1
388.0	0.1
388.5	0.1
389.0	0.1
389.5	0.1
390.0	0.2
390.5	0.2
391.0	0.2
391.5	0.2
392.0	0.2
392.5	0.2
393.0	0.2
393.5	0.2
394.0	0.3
394.5	0.3
395.0	0.3
395.5	0.3
396.0	0.3
396.5	0.4
397.0	0.4
397.5	0.4
398.0	0.4
398.5	0.5
399.0	0.5
399.5	0.5
400.0	0.5
400.5	0.6
401.0	0.6
401.5	0.6
402.0	0.7
402.5	0.7
403.0	0.7
403.5	0.8
404.0	0.8
404.5	0.8
405.0	0.9
405.5	0.9
406.0	1.0
406.5	1.0
407.0	1.0
407.5	1.1
408.0	1.1
408.5	1.1
409.0	1.2
409.5	1.2
410.0	1.2
410.5	1.3
411.0	1.3
411.5	1.4
412.0	1.4
412.5	1.4
413.0	1.5
413.5	1.5
414.0	1.5
414.5	1.5
415.0	1.6
415.5	1.6
416.0	1.6
416.5	1.7
417.0	1.7
417.5	1.7
418.0	1.7
418.5	1.8
419.0	1.8
419.5	1.8
420.0	1.8
420.5	1.9
421.0	1.9
421.5	1.9
422.0	1.9
422.5	2.0
423.0	2.0
423.5	2.0
424.0	2.0
424.5	2.0
425.0	2.1
425.5	2.1
426.0	2.1
426.5	2.1
427.0	2.1
427.5	2.2
428.0	2.2
428.5	2.2
429.0	2.2
429.5	2.2
430.0	2.2
430.5	2.3
431.0	2.3
431.5	2.3
432.0	2.3
432.5	2.3
433.0	2.4
433.5	2.4
434.0	2.4
434.5	2.4
435.0	2.4
435.5	2.4
436.0	2.4
436.5	2.5
437.0	2.5
437.5	2.5
438.0	2.5
438.5	2.5
439.0	2.5
439.5	2.6
440.0	2.6
440.5	2.6
441.0	2.6
441.5	2.6
442.0	2.6
442.5	2.6
443.0	2.7
443.5	2.7
444.0	2.7
444.5	2.7
445.0	2.7
445.5	2.7
446.0	2.7
446.5	2.8
447.0	2.8
447.5	2.8
448.0	2.8
448.5	2.8
449.0	2.8
449.5	2.8
450.0	2.9
450.5	2.9
451.0	2.9
451.5	2.9
452.0	2.9
452.5	2.9
453.0	2.9
453.5	2.9
454.0	3.0
454.5	3.0
455.0	3.0
455.5	3.0
456.0	3.0
456.5	3.0
457.0	3.0
457.5	3.0
458.0	3.1
458.5	3.1
459.0	3.1
459.5	3.1
460.0	3.1
460.5	3.1
461.0	3.1
461.5	3.1
462.0	3.2
462.5	3.2
463.0	3.2
463.5	3.2
464.0	3.2
464.5	3.2
465.0	3.2
465.5	3.2
466.0	3.2
466.5	3.3
467.0	3.3
467.5	3.3
468.0	3.3
468.5	3.3
469.0	3.3
469.5	3.3
470.0	3.3
470.5	3.4
471.0	3.4
471.5	3.4
472.0	3.4
472.5	3.4
473.0	3.4
473.5	3.4
474.0	3.4
474.5	3.4
475.0	3.5
475.5	3.5
476.0	3.5
476.5	3.5
477.0	3.5
477.5	3.5
478.0	3.5
478.5	3.5
479.0	3.5
479.5	3.6
480.0	3.6
480.5	3.6
481.0	3.6
481.5	3.6
482.0	3.6
482.5	3.6
483.0	3.6
483.5	3.7
484.0	3.7
484.5	3.7
485.0	3.7
485.5	3.7
486.0	3.7
486.5	3.7
487.0	3.7
487.5	3.7
488.0	3.8
488.5	3.8
489.0	3.8
489.5	3.8
490.0	3.8
490.5	3.8
491.0	3.8
491.5	3.8
492.0	3.8
492.5	3.8
493.0	3.9
493.5	3.9
494.0	3.9
494.5	3.9
495.0	3.9
495.5	3.9
496.0	3.9
496.5	3.9
497.0	3.9
497.5	3.9
498.0	4.0
498.5	4.0
499.0	4.0
499.5	4.0
500.0	4.0
500.5	4.0
501.0	4.0
501.5	4.0
502.0	4.0
502.5	4.1
503.0	4.1
503.5	4.1
504.0	4.1
504.5	4.1
505.0	4.1
505.5	4.1
506.0	4.1
506.5	4.1
507.0	4.1
507.5	4.2
508.0	4.2
508.5	4.2
509.0	4.2
509.5	4.2
510.0	4.2
510.5	4.2
511.0	4.2
511.5	4.2
512.0	4.2
512.5	4.2
513.0	4.3
513.5	4.3
514.0	4.3
514.5	4.3
515.0	4.3
515.5	4.3
516.0	4.3
516.5	4.3
517.0	4.3
517.5	4.3
518.0	4.4
518.5	4.4
519.0	4.4
519.5	4.4
520.0	4.4
520.5	4.4
521.0	4.4
521.5	4.4
522.0	4.4
522.5	4.4
523.0	4.4
523.5	4.4
524.0	4.5
524.5	4.5
525.0	4.5
525.5	4.5
526.0	4.5
526.5	4.5
527.0	4.5
527.5	4.5
528.0	4.5
528.5	4.5
529.0	4.6
529.5	4.6
530.0	4.6
530.5	4.6
531.0	4.6
531.5	4.6
532.0	4.6
532.5	4.6
533.0	4.6
533.5	4.6
534.0	4.6
534.5	4.7
535.0	4.7
535.5	4.7
536.0	4.7
536.5	4.7
537.0	4.7
537.5	4.7
538.0	4.7
538.5	4.7
539.0	4.7
539.5	4.8
540.0	4.8
540.5	4.8
541.0	4.8
541.5	4.8
542.0	4.8
542.5	4.8
543.0	4.8
543.5	4.8
544.0	4.8
544.5	4.8
545.0	4.8
545.5	4.8
546.0	4.9
546.5	4.9
547.0	4.9
547.5	4.9
548.0	4.9
548.5	4.9
549.0	4.9
549.5	4.9
550.0	4.9
550.5	4.9
551.0	4.9
551.5	4.9
552.0	5.0
552.5	5.0
553.0	5.0
553.5	5.0
554.0	5.0
554.5	5.0
555.0	5.0
555.5	5.0
556.0	5.0
556.5	5.0
557.0	5.0
557.5	5.0
558.0	5.0
558.5	5.1
559.0	5.1
559.5	5.1
560.0	5.1
560.5	5.1
561.0	5.1
561.5	5.1
562.0	5.1
562.5	5.1
563.0	5.1
563.5	5.1
564.0	5.1
564.5	5.1
565.0	5.2
565.5	5.2
566.0	5.2
566.5	5.2
567.0	5.2
567.5	5.2
568.0	5.2
568.5	5.2
569.0	5.2
569.5	5.2
570.0	5.2
570.5	5.2
571.0	5.3
571.5	5.3
572.0	5.3
572.5	5.3
573.0	5.3
573.5	5.3
574.0	5.3
574.5	5.3
575.0	5.3
575.5	5.3
576.0	5.3
576.5	5.3
577.0	5.4
577.5	5.4
578.0	5.4
578.5	5.4
579.0	5.4
579.5	5.4
580.0	5.4
580.5	5.4
581.0	5.4
581.5	5.4
582.0	5.4
582.5	5.4
583.0	5.4
583.5	5.4
584.0	5.5
584.5	5.5
585.0	5.5
585.5	5.5
586.0	5.5
586.5	5.5
587.0	5.5
587.5	5.5
588.0	5.5
588.5	5.5
589.0	5.5
589.5	5.5
590.0	5.5
590.5	5.5
591.0	5.6
591.5	5.6
592.0	5.6
592.5	5.6
593.0	5.6
593.5	5.6
594.0	5.6
594.5	5.6
595.0	5.6
595.5	5.6
596.0	5.6
596.5	5.6
597.0	5.6
597.5	5.6
598.0	5.6
598.5	5.7
599.0	5.7
599.5	5.7
600.0	5.7
600.5	5.7
601.0	5.7
601.5	5.7
602.0	5.7
602.5	5.7
603.0	5.7
603.5	5.7
604.0	5.7
604.5	5.7
605.0	5.7
605.5	5.7
606.0	5.8
606.5	5.8
607.0	5.8
607.5	5.8
608.0	5.8
608.5	5.8
609.0	5.8
609.5	5.8
610.0	5.8
610.5	5.8
611.0	5.8
611.5	5.8
612.0	5.8
612.5	5.8
613.0	5.8
613.5	5.8
614.0	5.8
614.5	5.9
615.0	5.9
615.5	5.9
616.0	5.9
616.5	5.9
617.0	5.9
617.5	5.9
618.0	5.9
618.5	5.9
619.0	5.9
619.5	5.9
620.0	5.9
620.5	5.9
621.0	5.9
621.5	6.0
622.0	6.0
622.5	6.0
623.0	6.0
623.5	6.0
624.0	6.0
624.5	6.0
625.0	6.0
625.5	6.0
626.0	6.0
626.5	6.0
627.0	6.0
627.5	6.0
628.0	6.0
628.5	6.0
629.0	6.0
629.5	6.0
630.0	6.1
630.5	6.1
631.0	6.1
631.5	6.1
632.0	6.1
632.5	6.1
633.0	6.1
633.5	6.1
634.0	6.1
634.5	6.1
635.0	6.1
635.5	6.1
636.0	6.1
636.5	6.1
637.0	6.1
637.5	6.2
638.0	6.2
638.5	6.2
639.0	6.2
639.5	6.2
640.0	6.2
640.5	6.2
641.0	6.2
641.5	6.2
642.0	6.2
642.5	6.2
643.0	6.2
643.5	6.2
644.0	6.2
644.5	6.2
645.0	6.2
645.5	6.2
646.0	6.3
646.5	6.3
647.0	6.3
647.5	6.3
648.0	6.3
648.5	6.3
649.0	6.3
649.5	6.3
650.0	6.3
