疏酗(nm)	LY-511-06 - RawData
350.0	0.1
350.5	0.1
351.0	0.1
351.5	0.1
352.0	0.1
352.5	0.1
353.0	0.1
353.5	0.1
354.0	0.1
354.5	0.1
355.0	0.1
355.5	0.1
356.0	0.1
356.5	0.1
357.0	0.1
357.5	0.1
358.0	0.1
358.5	0.1
359.0	0.1
359.5	0.1
360.0	0.1
360.5	0.1
361.0	0.1
361.5	0.1
362.0	0.1
362.5	0.1
363.0	0.1
363.5	0.1
364.0	0.1
364.5	0.1
365.0	0.1
365.5	0.1
366.0	0.1
366.5	0.1
367.0	0.1
367.5	0.1
368.0	0.1
368.5	0.2
369.0	0.2
369.5	0.2
370.0	0.2
370.5	0.2
371.0	0.2
371.5	0.2
372.0	0.2
372.5	0.3
373.0	0.3
373.5	0.3
374.0	0.3
374.5	0.3
375.0	0.4
375.5	0.4
376.0	0.4
376.5	0.4
377.0	0.4
377.5	0.5
378.0	0.5
378.5	0.5
379.0	0.5
379.5	0.6
380.0	0.6
380.5	0.6
381.0	0.7
381.5	0.7
382.0	0.7
382.5	0.8
383.0	0.8
383.5	0.9
384.0	0.9
384.5	1.0
385.0	1.1
385.5	1.1
386.0	1.2
386.5	1.3
387.0	1.3
387.5	1.4
388.0	1.5
388.5	1.6
389.0	1.7
389.5	1.8
390.0	1.9
390.5	2.0
391.0	2.1
391.5	2.2
392.0	2.3
392.5	2.4
393.0	2.6
393.5	2.7
394.0	2.8
394.5	3.0
395.0	3.1
395.5	3.2
396.0	3.4
396.5	3.5
397.0	3.6
397.5	3.8
398.0	3.9
398.5	4.1
399.0	4.2
399.5	4.4
400.0	4.5
400.5	4.6
401.0	4.8
401.5	4.9
402.0	5.1
402.5	5.2
403.0	5.4
403.5	5.5
404.0	5.6
404.5	5.8
405.0	5.9
405.5	6.0
406.0	6.2
406.5	6.3
407.0	6.4
407.5	6.5
408.0	6.6
408.5	6.7
409.0	6.8
409.5	6.9
410.0	7.0
410.5	7.1
411.0	7.2
411.5	7.3
412.0	7.4
412.5	7.5
413.0	7.6
413.5	7.7
414.0	7.7
414.5	7.8
415.0	7.9
415.5	8.0
416.0	8.0
416.5	8.1
417.0	8.1
417.5	8.2
418.0	8.2
418.5	8.3
419.0	8.3
419.5	8.4
420.0	8.4
420.5	8.5
421.0	8.5
421.5	8.6
422.0	8.6
422.5	8.6
423.0	8.7
423.5	8.7
424.0	8.8
424.5	8.8
425.0	8.8
425.5	8.9
426.0	8.9
426.5	8.9
427.0	9.0
427.5	9.0
428.0	9.0
428.5	9.0
429.0	9.1
429.5	9.1
430.0	9.1
430.5	9.1
431.0	9.2
431.5	9.2
432.0	9.2
432.5	9.2
433.0	9.3
433.5	9.3
434.0	9.3
434.5	9.3
435.0	9.3
435.5	9.4
436.0	9.4
436.5	9.4
437.0	9.4
437.5	9.4
438.0	9.5
438.5	9.5
439.0	9.5
439.5	9.5
440.0	9.6
440.5	9.6
441.0	9.6
441.5	9.6
442.0	9.6
442.5	9.6
443.0	9.7
443.5	9.7
444.0	9.7
444.5	9.7
445.0	9.7
445.5	9.7
446.0	9.8
446.5	9.8
447.0	9.8
447.5	9.8
448.0	9.8
448.5	9.8
449.0	9.8
449.5	9.9
450.0	9.9
450.5	9.9
451.0	9.9
451.5	9.9
452.0	9.9
452.5	9.9
453.0	9.9
453.5	10.0
454.0	10.0
454.5	10.0
455.0	10.0
455.5	10.0
456.0	10.0
456.5	10.0
457.0	10.1
457.5	10.1
458.0	10.1
458.5	10.1
459.0	10.1
459.5	10.1
460.0	10.2
460.5	10.2
461.0	10.2
461.5	10.2
462.0	10.2
462.5	10.2
463.0	10.2
463.5	10.2
464.0	10.3
464.5	10.3
465.0	10.3
465.5	10.3
466.0	10.3
466.5	10.3
467.0	10.3
467.5	10.3
468.0	10.4
468.5	10.4
469.0	10.4
469.5	10.4
470.0	10.4
470.5	10.4
471.0	10.4
471.5	10.4
472.0	10.4
472.5	10.5
473.0	10.5
473.5	10.5
474.0	10.5
474.5	10.5
475.0	10.5
475.5	10.5
476.0	10.5
476.5	10.5
477.0	10.6
477.5	10.6
478.0	10.6
478.5	10.6
479.0	10.6
479.5	10.6
480.0	10.6
480.5	10.7
481.0	10.7
481.5	10.7
482.0	10.7
482.5	10.7
483.0	10.7
483.5	10.7
484.0	10.7
484.5	10.8
485.0	10.8
485.5	10.8
486.0	10.8
486.5	10.8
487.0	10.8
487.5	10.8
488.0	10.8
488.5	10.8
489.0	10.8
489.5	10.9
490.0	10.9
490.5	10.9
491.0	10.9
491.5	10.9
492.0	10.9
492.5	10.9
493.0	10.9
493.5	11.0
494.0	11.0
494.5	11.0
495.0	11.0
495.5	11.0
496.0	11.0
496.5	11.0
497.0	11.0
497.5	11.0
498.0	11.0
498.5	11.0
499.0	11.1
499.5	11.1
500.0	11.1
500.5	11.1
501.0	11.1
501.5	11.1
502.0	11.1
502.5	11.1
503.0	11.1
503.5	11.2
504.0	11.2
504.5	11.2
505.0	11.2
505.5	11.2
506.0	11.2
506.5	11.2
507.0	11.2
507.5	11.2
508.0	11.2
508.5	11.3
509.0	11.3
509.5	11.3
510.0	11.3
510.5	11.3
511.0	11.3
511.5	11.3
512.0	11.3
512.5	11.3
513.0	11.3
513.5	11.3
514.0	11.4
514.5	11.4
515.0	11.4
515.5	11.4
516.0	11.4
516.5	11.4
517.0	11.4
517.5	11.5
518.0	11.5
518.5	11.5
519.0	11.5
519.5	11.5
520.0	11.5
520.5	11.5
521.0	11.5
521.5	11.5
522.0	11.5
522.5	11.5
523.0	11.5
523.5	11.5
524.0	11.6
524.5	11.6
525.0	11.6
525.5	11.6
526.0	11.6
526.5	11.6
527.0	11.6
527.5	11.6
528.0	11.6
528.5	11.6
529.0	11.7
529.5	11.7
530.0	11.7
530.5	11.7
531.0	11.7
531.5	11.7
532.0	11.7
532.5	11.7
533.0	11.7
533.5	11.7
534.0	11.7
534.5	11.8
535.0	11.8
535.5	11.8
536.0	11.8
536.5	11.8
537.0	11.8
537.5	11.9
538.0	11.9
538.5	11.9
539.0	11.9
539.5	11.9
540.0	11.9
540.5	11.9
541.0	11.9
541.5	11.9
542.0	11.9
542.5	12.0
543.0	12.0
543.5	12.0
544.0	12.0
544.5	12.0
545.0	12.0
545.5	12.0
546.0	12.0
546.5	12.0
547.0	12.0
547.5	12.0
548.0	12.0
548.5	12.0
549.0	12.0
549.5	12.1
550.0	12.1
550.5	12.1
551.0	12.1
551.5	12.1
552.0	12.1
552.5	12.1
553.0	12.1
553.5	12.1
554.0	12.1
554.5	12.1
555.0	12.2
555.5	12.2
556.0	12.2
556.5	12.2
557.0	12.2
557.5	12.2
558.0	12.2
558.5	12.2
559.0	12.2
559.5	12.3
560.0	12.3
560.5	12.3
561.0	12.3
561.5	12.3
562.0	12.3
562.5	12.3
563.0	12.3
563.5	12.3
564.0	12.3
564.5	12.3
565.0	12.4
565.5	12.4
566.0	12.4
566.5	12.4
567.0	12.4
567.5	12.4
568.0	12.4
568.5	12.4
569.0	12.4
569.5	12.4
570.0	12.4
570.5	12.5
571.0	12.5
571.5	12.5
572.0	12.5
572.5	12.5
573.0	12.5
573.5	12.5
574.0	12.5
574.5	12.5
575.0	12.5
575.5	12.6
576.0	12.6
576.5	12.6
577.0	12.6
577.5	12.6
578.0	12.6
578.5	12.6
579.0	12.6
579.5	12.6
580.0	12.6
580.5	12.6
581.0	12.7
581.5	12.7
582.0	12.7
582.5	12.7
583.0	12.7
583.5	12.7
584.0	12.7
584.5	12.7
585.0	12.7
585.5	12.7
586.0	12.7
586.5	12.8
587.0	12.8
587.5	12.8
588.0	12.8
588.5	12.8
589.0	12.8
589.5	12.8
590.0	12.8
590.5	12.8
591.0	12.8
591.5	12.8
592.0	12.8
592.5	12.8
593.0	12.8
593.5	12.9
594.0	12.9
594.5	12.9
595.0	12.9
595.5	12.9
596.0	12.9
596.5	12.9
597.0	12.9
597.5	12.9
598.0	12.9
598.5	12.9
599.0	12.9
599.5	13.0
600.0	13.0
600.5	13.0
601.0	13.0
601.5	13.0
602.0	13.0
602.5	13.0
603.0	13.0
603.5	13.0
604.0	13.0
604.5	13.0
605.0	13.0
605.5	13.0
606.0	13.0
606.5	13.1
607.0	13.1
607.5	13.1
608.0	13.1
608.5	13.1
609.0	13.1
609.5	13.1
610.0	13.1
610.5	13.1
611.0	13.1
611.5	13.1
612.0	13.1
612.5	13.2
613.0	13.2
613.5	13.2
614.0	13.2
614.5	13.2
615.0	13.2
615.5	13.2
616.0	13.2
616.5	13.2
617.0	13.2
617.5	13.2
618.0	13.2
618.5	13.2
619.0	13.2
619.5	13.3
620.0	13.3
620.5	13.3
621.0	13.3
621.5	13.3
622.0	13.3
622.5	13.3
623.0	13.3
623.5	13.3
624.0	13.3
624.5	13.3
625.0	13.3
625.5	13.4
626.0	13.4
626.5	13.4
627.0	13.4
627.5	13.4
628.0	13.4
628.5	13.4
629.0	13.4
629.5	13.4
630.0	13.4
630.5	13.4
631.0	13.4
631.5	13.4
632.0	13.4
632.5	13.4
633.0	13.5
633.5	13.5
634.0	13.5
634.5	13.5
635.0	13.5
635.5	13.5
636.0	13.5
636.5	13.5
637.0	13.5
637.5	13.5
638.0	13.5
638.5	13.6
639.0	13.6
639.5	13.6
640.0	13.6
640.5	13.6
641.0	13.6
641.5	13.6
642.0	13.6
642.5	13.6
643.0	13.6
643.5	13.6
644.0	13.6
644.5	13.6
645.0	13.6
645.5	13.6
646.0	13.7
646.5	13.7
647.0	13.7
647.5	13.7
648.0	13.7
648.5	13.7
649.0	13.7
649.5	13.7
650.0	13.7
